Date;Stock;Open;High;Low;Close;Resist;Support;GSLine;Trend
2020/07/14;AALI;8550,00;8600,00;8400,00;8575,00;8750,00;8200,00;D;Strong Uptrend
2020/07/14;ABBA;50,00;50,00;50,00;50,00;52,00;50,00;U;Strong Downtrend
2020/07/14;ABDA;6400,00;6400,00;6400,00;6400,00;6400,00;6250,00;U;Strong Uptrend
2020/07/14;ABMM;1320,00;1320,00;1320,00;1320,00;1405,00;1400,00;D;Strong Downtrend
2020/07/14;ACES;1640,00;1650,00;1610,00;1650,00;1530,00;1450,00;U;Strong Uptrend
2020/07/14;ACST;266,00;272,00;264,00;266,00;274,00;264,00;U;Strong Uptrend
2020/07/14;ADES;860,00;865,00;850,00;860,00;870,00;840,00;U;Strong Uptrend
2020/07/14;ADHI;640,00;645,00;630,00;635,00;655,00;625,00;D;Strong Uptrend
2020/07/14;ADMF;7450,00;7475,00;7350,00;7450,00;7250,00;7000,00;U;Strong Uptrend
2020/07/14;ADMG;106,00;108,00;102,00;102,00;108,00;100,00;D;Uptrend
2020/07/14;ADRO;1145,00;1170,00;1125,00;1155,00;1050,00;1050,00;U;Strong Uptrend
2020/07/14;AGAR;515,00;515,00;498,00;498,00;550,00;480,00;D;Strong Uptrend
2020/07/14;AGII;565,00;580,00;560,00;575,00;595,00;525,00;D;Strong Uptrend
2020/07/14;AGRO;154,00;206,00;152,00;206,00;167,00;121,00;U;Strong Uptrend
2020/07/14;AGRS;98,00;104,00;93,00;98,00;104,00;96,00;U;Strong Downtrend
2020/07/14;AHAP;50,00;50,00;50,00;50,00;51,00;50,00;U;Strong Downtrend
2020/07/14;AIMS;180,00;180,00;180,00;180,00;180,00;180,00;N;Strong Uptrend
2020/07/14;AISA;168,00;168,00;168,00;168,00;168,00;168,00;N;Strong Uptrend
2020/07/14;AKKU;50,00;50,00;50,00;50,00;50,00;50,00;U;Strong Uptrend
2020/07/14;AKPI;296,00;296,00;296,00;296,00;296,00;296,00;U;Strong Downtrend
2020/07/14;AKRA;2460,00;2490,00;2420,00;2450,00;2530,00;2440,00;D;Uptrend
2020/07/14;AKSI;294,00;300,00;284,00;290,00;362,00;270,00;D;Uptrend
2020/07/14;ALDO;378,00;378,00;378,00;378,00;400,00;374,00;D;Strong Downtrend
2020/07/14;ALKA;428,00;428,00;428,00;428,00;430,00;428,00;D;Strong Uptrend
2020/07/14;ALMI;216,00;216,00;216,00;216,00;226,00;200,00;U;Strong Downtrend
2020/07/14;ALTO;350,00;350,00;350,00;350,00;380,00;386,00;D;Strong Downtrend
2020/07/14;AMAG;270,00;276,00;270,00;276,00;294,00;264,00;U;Neutral
2020/07/14;AMAN;196,00;196,00;195,00;195,00;196,00;195,00;D;Strong Downtrend
2020/07/14;AMAR;412,00;424,00;410,00;412,00;580,00;292,00;U;Strong Uptrend
2020/07/14;AMFG;2680,00;2700,00;2680,00;2690,00;3300,00;2480,00;D;Downtrend
2020/07/14;AMIN;246,00;320,00;240,00;256,00;300,00;264,00;U;Strong Downtrend
2020/07/14;AMOR;2150,00;2160,00;2050,00;2160,00;2000,00;1975,00;U;Uptrend
2020/07/14;AMRT;780,00;785,00;770,00;775,00;805,00;785,00;U;Strong Downtrend
2020/07/14;ANDI;50,00;50,00;50,00;50,00;50,00;50,00;U;Strong Uptrend
2020/07/14;ANJT;484,00;500,00;484,00;496,00;565,00;496,00;D;Downtrend
2020/07/14;ANTM;670,00;680,00;660,00;660,00;615,00;600,00;U;Strong Uptrend
2020/07/14;APEX;182,00;182,00;175,00;180,00;183,00;168,00;D;Uptrend
2020/07/14;APIC;815,00;825,00;800,00;825,00;850,00;810,00;U;Strong Downtrend
2020/07/14;APII;208,00;248,00;208,00;246,00;252,00;196,00;U;Strong Uptrend
2020/07/14;APLI;121,00;124,00;118,00;124,00;106,00;94,00;U;Uptrend
2020/07/14;APLN;113,00;114,00;112,00;113,00;116,00;111,00;D;Uptrend
2020/04/03;APOL;50,00;50,00;50,00;50,00;50,00;50,00;N;Strong Uptrend
2020/07/14;ARGO;1195,00;1195,00;1195,00;1195,00;810,00;1025,00;U;Strong Uptrend
2020/07/14;ARII;486,00;530,00;486,00;520,00;590,00;505,00;U;Strong Downtrend
2020/07/14;ARKA;310,00;310,00;288,00;288,00;432,00;346,00;U;Strong Downtrend
2020/07/14;ARMY;50,00;50,00;50,00;50,00;50,00;50,00;U;Strong Uptrend
2020/07/14;ARNA;370,00;370,00;366,00;368,00;386,00;368,00;D;Strong Downtrend
2020/07/14;ARTA;346,00;346,00;346,00;346,00;358,00;302,00;U;Strong Downtrend
2020/07/14;ARTI;50,00;50,00;50,00;50,00;50,00;50,00;N;Strong Uptrend
2020/07/14;ARTO;2900,00;2900,00;2730,00;2790,00;3080,00;2700,00;U;Strong Uptrend
2020/07/14;ASBI;276,00;276,00;262,00;266,00;280,00;276,00;D;Downtrend
2020/07/14;ASDM;930,00;930,00;930,00;930,00;975,00;920,00;U;Strong Downtrend
2020/07/14;ASGR;670,00;670,00;660,00;665,00;680,00;665,00;U;Strong Downtrend
2020/07/14;ASII;4900,00;4950,00;4880,00;4950,00;5000,00;4770,00;D;Strong Uptrend
2020/07/14;ASJT;120,00;120,00;115,00;115,00;139,00;122,00;D;Downtrend
2020/07/14;ASMI;1215,00;1220,00;1180,00;1180,00;1230,00;1205,00;D;Strong Uptrend
2020/07/14;ASPI;308,00;312,00;304,00;308,00;380,00;302,00;D;Strong Downtrend
2020/07/14;ASRI;132,00;132,00;129,00;129,00;136,00;126,00;D;Uptrend
2020/07/14;ASRM;1960,00;2000,00;1960,00;2000,00;2000,00;1990,00;U;Strong Uptrend
2020/07/14;ASSA;438,00;490,00;438,00;480,00;458,00;398,00;U;Strong Uptrend
2020/07/14;ATIC;740,00;740,00;740,00;740,00;880,00;870,00;D;Downtrend
2019/09/27;ATPK;194,00;194,00;194,00;194,00;194,00;194,00;U;Strong Uptrend
2020/07/14;AUTO;900,00;915,00;900,00;915,00;925,00;880,00;U;Strong Uptrend
2020/07/14;AYLS;50,00;50,00;50,00;50,00;50,00;50,00;U;Strong Uptrend
2020/07/14;BABP;50,00;50,00;50,00;50,00;50,00;50,00;N;Strong Uptrend
2020/07/14;BACA;356,00;380,00;356,00;374,00;382,00;400,00;D;Strong Downtrend
2020/07/14;BAJA;59,00;61,00;59,00;59,00;65,00;58,00;D;Strong Uptrend
2020/07/14;BALI;830,00;830,00;830,00;830,00;890,00;835,00;D;Downtrend
2020/07/14;BAPA;50,00;50,00;50,00;50,00;50,00;50,00;U;Strong Downtrend
2020/07/14;BAPI;50,00;50,00;50,00;50,00;50,00;50,00;U;Strong Uptrend
2020/07/14;BATA;550,00;550,00;550,00;550,00;560,00;530,00;U;Strong Downtrend
2020/07/14;BAYU;1095,00;1095,00;1095,00;1095,00;1175,00;960,00;U;Strong Uptrend
2020/07/14;BBCA;30875,00;31000,00;30550,00;31000,00;31325,00;27925,00;U;Strong Uptrend
2020/07/14;BBHI;124,00;149,00;124,00;139,00;195,00;75,00;U;Strong Uptrend
2020/07/14;BBKP;183,00;184,00;180,00;181,00;190,00;182,00;D;Uptrend
2020/07/14;BBLD;392,00;392,00;392,00;392,00;394,00;332,00;U;Strong Downtrend
2020/07/14;BBMD;1535,00;1535,00;1535,00;1535,00;1650,00;1100,00;U;Strong Uptrend
2020/07/14;BBNI;4750,00;4780,00;4700,00;4720,00;4860,00;4580,00;D;Strong Uptrend
2019/04/30;BBNP;2250,00;2250,00;2250,00;2250,00;2250,00;2250,00;D;Strong Uptrend
2020/07/14;BBRI;3160,00;3250,00;3130,00;3170,00;3110,00;3030,00;U;Strong Uptrend
2020/07/14;BBRM;50,00;50,00;50,00;50,00;50,00;50,00;N;Strong Uptrend
2020/07/14;BBSS;146,00;147,00;138,00;145,00;150,00;141,00;U;N/A
2020/07/14;BBTN;1275,00;1350,00;1275,00;1320,00;1365,00;1225,00;D;Strong Uptrend
2020/07/14;BBYB;292,00;298,00;290,00;298,00;296,00;280,00;U;Strong Uptrend
2020/07/14;BCAP;158,00;158,00;150,00;154,00;160,00;155,00;D;Strong Downtrend
2020/07/14;BCIC;450,00;450,00;450,00;450,00;450,00;450,00;N;Strong Uptrend
2020/07/14;BCIP;50,00;50,00;50,00;50,00;50,00;50,00;U;Strong Uptrend
2020/07/14;BDMN;2830,00;2840,00;2810,00;2830,00;2900,00;2740,00;D;Strong Uptrend
2020/07/14;BEEF;228,00;234,00;228,00;230,00;242,00;220,00;U;Strong Uptrend
2020/07/14;BEKS;50,00;50,00;50,00;50,00;50,00;50,00;N;Strong Uptrend
2020/07/14;BELL;700,00;705,00;695,00;705,00;715,00;685,00;U;Uptrend
2020/07/14;BESS;234,00;290,00;232,00;244,00;268,00;222,00;U;Downtrend
2020/07/14;BEST;118,00;119,00;116,00;116,00;125,00;111,00;D;Downtrend
2020/07/14;BFIN;280,00;280,00;268,00;272,00;290,00;270,00;D;Strong Downtrend
2020/07/14;BGTG;50,00;53,00;50,00;52,00;64,00;50,00;D;Strong Uptrend
2020/07/14;BHAT;436,00;438,00;424,00;432,00;448,00;440,00;D;N/A
2020/07/14;BHIT;50,00;50,00;50,00;50,00;50,00;50,00;U;Strong Downtrend
2020/07/14;BIKA;195,00;195,00;174,00;176,00;195,00;167,00;U;Strong Downtrend
2020/07/14;BIMA;50,00;50,00;50,00;50,00;50,00;50,00;N;Strong Uptrend
2020/07/14;BINA;860,00;885,00;840,00;885,00;940,00;950,00;D;Strong Downtrend
2020/07/14;BIPI;50,00;50,00;50,00;50,00;50,00;50,00;N;Strong Uptrend
2020/07/14;BIPP;57,00;58,00;56,00;56,00;68,00;55,00;D;Strong Uptrend
2020/07/14;BIRD;1000,00;1010,00;990,00;990,00;1130,00;1085,00;D;Downtrend
2020/07/14;BISI;815,00;820,00;805,00;815,00;825,00;800,00;U;Strong Downtrend
2020/07/14;BJBR;950,00;950,00;910,00;915,00;785,00;870,00;U;Strong Uptrend
2020/07/14;BJTM;550,00;560,00;540,00;545,00;570,00;498,00;U;Strong Uptrend
2020/07/14;BKDP;51,00;51,00;50,00;50,00;52,00;50,00;D;Downtrend
2020/07/14;BKSL;50,00;50,00;50,00;50,00;50,00;50,00;U;Strong Downtrend
2020/07/14;BKSW;80,00;80,00;72,00;73,00;88,00;71,00;U;Strong Uptrend
2020/07/14;BLTA;50,00;50,00;50,00;50,00;50,00;50,00;N;Strong Uptrend
2020/07/14;BLTZ;3100,00;3100,00;3100,00;3100,00;3100,00;3100,00;D;Strong Downtrend
2020/07/14;BLUE;498,00;498,00;496,00;498,00;500,00;498,00;D;Downtrend
2020/07/14;BMAS;304,00;318,00;300,00;304,00;270,00;254,00;U;Uptrend
2020/07/14;BMRI;5300,00;5325,00;5200,00;5300,00;5400,00;5025,00;U;Strong Uptrend
2020/07/14;BMSR;53,00;56,00;53,00;56,00;56,00;52,00;U;Strong Uptrend
2020/07/14;BMTR;193,00;197,00;191,00;197,00;194,00;182,00;U;Neutral
2020/07/14;BNBA;290,00;292,00;290,00;290,00;358,00;282,00;D;Strong Uptrend
2020/07/14;BNBR;50,00;50,00;50,00;50,00;50,00;50,00;N;Strong Uptrend
2020/07/14;BNGA;835,00;835,00;785,00;790,00;740,00;745,00;U;Strong Uptrend
2020/07/14;BNII;162,00;164,00;161,00;163,00;170,00;159,00;D;Strong Uptrend
2020/07/14;BNLI;1280,00;1285,00;1275,00;1280,00;1285,00;1275,00;D;Strong Uptrend
2020/07/14;BOGA;1325,00;1330,00;1310,00;1325,00;1415,00;1330,00;D;Strong Downtrend
2020/07/14;BOLA;157,00;158,00;154,00;157,00;178,00;160,00;D;Downtrend
2020/07/14;BOLT;930,00;930,00;930,00;930,00;900,00;900,00;D;Uptrend
2020/01/17;BORN;50,00;50,00;50,00;50,00;50,00;50,00;U;Strong Uptrend
2020/07/14;BOSS;77,00;84,00;77,00;80,00;95,00;76,00;D;Strong Downtrend
2020/07/14;BPFI;1185,00;1185,00;1185,00;1185,00;1185,00;1185,00;U;Strong Uptrend
2020/07/14;BPII;10000,00;10000,00;10000,00;10000,00;10000,00;10000,00;D;Strong Uptrend
2020/07/14;BPTR;84,00;84,00;74,00;77,00;84,00;74,00;D;Strong Downtrend
2020/07/14;BRAM;5325,00;5325,00;5325,00;5325,00;5800,00;6200,00;D;Uptrend
2017/11/15;BRAU;82,00;82,00;82,00;82,00;82,00;82,00;N;Strong Uptrend
2020/07/14;BRIS;484,00;515,00;474,00;490,00;316,00;432,00;U;Strong Uptrend
2020/07/14;BRMS;50,00;50,00;50,00;50,00;50,00;50,00;U;Strong Uptrend
2020/07/14;BRNA;1000,00;1125,00;1000,00;1075,00;1000,00;975,00;U;Downtrend
2020/07/14;BRPT;1240,00;1290,00;1230,00;1280,00;1215,00;1160,00;U;Uptrend
2020/07/14;BSDE;750,00;755,00;740,00;750,00;795,00;735,00;D;Uptrend
2020/07/14;BSIM;498,00;515,00;496,00;510,00;530,00;494,00;D;Uptrend
2020/07/14;BSSR;1340,00;1340,00;1280,00;1320,00;1440,00;1275,00;D;Strong Downtrend
2020/07/14;BSWD;1750,00;1750,00;1750,00;1750,00;1750,00;1750,00;N;Strong Uptrend
2020/07/14;BTEK;50,00;50,00;50,00;50,00;50,00;50,00;U;Strong Uptrend
2020/07/14;BTEL;50,00;50,00;50,00;50,00;50,00;50,00;N;Strong Uptrend
2020/07/14;BTON;190,00;199,00;185,00;185,00;196,00;174,00;D;Strong Uptrend
2020/07/14;BTPN;2200,00;2200,00;2170,00;2190,00;2260,00;2150,00;D;Strong Uptrend
2020/07/14;BTPS;3230,00;3260,00;3200,00;3210,00;3300,00;3080,00;D;Strong Uptrend
2020/07/14;BUDI;85,00;86,00;84,00;86,00;87,00;84,00;U;Neutral
2020/07/14;BUKK;675,00;740,00;670,00;740,00;800,00;710,00;U;Strong Downtrend
2020/07/14;BULL;326,00;330,00;322,00;324,00;310,00;302,00;D;Strong Uptrend
2020/07/14;BUMI;50,00;50,00;50,00;50,00;50,00;50,00;U;Strong Uptrend
2020/07/14;BUVA;56,00;56,00;56,00;56,00;67,00;55,00;D;Strong Downtrend
2020/07/14;BVIC;69,00;70,00;68,00;69,00;76,00;65,00;D;Strong Uptrend
2020/07/14;BWPT;90,00;93,00;90,00;92,00;93,00;89,00;D;Strong Uptrend
2020/07/14;BYAN;12500,00;12750,00;11925,00;12700,00;13900,00;12475,00;D;Strong Downtrend
2020/07/14;CAKK;50,00;51,00;50,00;50,00;51,00;50,00;D;Strong Downtrend
2020/07/14;CAMP;210,00;210,00;206,00;206,00;208,00;202,00;D;Uptrend
2020/07/14;CANI;140,00;140,00;140,00;140,00;230,00;185,00;D;Strong Downtrend
2020/07/14;CARE;322,00;324,00;320,00;324,00;330,00;304,00;U;Strong Uptrend
2020/07/14;CARS;50,00;50,00;50,00;50,00;50,00;50,00;U;Strong Downtrend
2020/07/14;CASA;358,00;396,00;358,00;378,00;400,00;362,00;D;Strong Downtrend
2020/07/14;CASH;525,00;535,00;520,00;520,00;540,00;490,00;D;N/A
2020/07/14;CASS;183,00;194,00;183,00;191,00;198,00;180,00;U;Strong Downtrend
2020/07/14;CBMF;220,00;220,00;189,00;200,00;228,00;190,00;D;Strong Uptrend
2020/07/14;CCSI;248,00;248,00;244,00;248,00;252,00;244,00;D;Downtrend
2020/07/14;CEKA;2000,00;2000,00;1970,00;1990,00;2030,00;1945,00;D;Strong Uptrend
2020/07/14;CENT;102,00;102,00;95,00;95,00;92,00;86,00;U;Strong Uptrend
2020/07/14;CFIN;197,00;198,00;189,00;198,00;206,00;189,00;U;Strong Uptrend
2020/07/14;CINT;250,00;250,00;246,00;250,00;252,00;240,00;U;Strong Downtrend
2020/07/14;CITA;1750,00;1750,00;1750,00;1750,00;1760,00;1760,00;D;Uptrend
2020/07/14;CITY;51,00;51,00;51,00;51,00;51,00;50,00;U;Strong Downtrend
2020/07/14;CKRA;76,00;76,00;76,00;76,00;76,00;76,00;N;Strong Uptrend
2020/07/14;CLAY;1970,00;1970,00;1970,00;1970,00;1810,00;1810,00;U;Neutral
2020/07/14;CLEO;472,00;476,00;466,00;468,00;468,00;462,00;U;Strong Uptrend
2020/07/14;CLPI;730,00;730,00;700,00;715,00;740,00;700,00;D;Uptrend
2020/07/14;CMNP;1375,00;1380,00;1295,00;1300,00;1500,00;1210,00;D;Strong Downtrend
2020/07/14;CMPP;184,00;184,00;184,00;184,00;184,00;184,00;N;Strong Uptrend
2020/07/14;CNKO;50,00;50,00;50,00;50,00;50,00;50,00;N;Strong Uptrend
2020/07/14;CNTB;250,00;250,00;250,00;250,00;250,00;250,00;N;Strong Uptrend
2020/07/14;CNTX;242,00;242,00;242,00;242,00;258,00;234,00;D;Strong Downtrend
2020/07/14;COCO;845,00;850,00;800,00;800,00;840,00;745,00;D;Strong Downtrend
2020/07/14;COWL;50,00;50,00;50,00;50,00;50,00;50,00;U;Strong Uptrend
2017/10/18;CPGT;50,00;50,00;50,00;50,00;50,00;50,00;U;Strong Uptrend
2020/07/14;CPIN;6150,00;6350,00;6150,00;6325,00;6600,00;5525,00;U;Strong Uptrend
2020/07/14;CPRI;50,00;50,00;50,00;50,00;50,00;50,00;D;Strong Uptrend
2020/07/14;CPRO;50,00;50,00;50,00;50,00;50,00;50,00;N;Strong Uptrend
2020/07/14;CSAP;342,00;342,00;336,00;336,00;350,00;346,00;D;Downtrend
2020/07/14;CSIS;50,00;50,00;50,00;50,00;50,00;50,00;U;Strong Uptrend
2020/07/14;CSMI;240,00;240,00;206,00;210,00;206,00;212,00;D;Uptrend
2020/07/14;CSRA;234,00;240,00;228,00;230,00;238,00;220,00;U;Strong Downtrend
2020/07/14;CTBN;2450,00;2450,00;2450,00;2450,00;2450,00;2450,00;D;Strong Uptrend
2020/07/14;CTRA;660,00;665,00;645,00;645,00;685,00;610,00;D;Uptrend
2017/01/18;CTRP;690,00;690,00;690,00;690,00;705,00;675,00;;N/A
2017/01/18;CTRS;2710,00;2710,00;2710,00;2710,00;2740,00;2620,00;;N/A
2020/07/14;CTTH;50,00;50,00;50,00;50,00;50,00;50,00;U;Strong Downtrend
2020/07/14;DADA;87,00;109,00;86,00;104,00;110,00;98,00;U;Strong Downtrend
2018/05/17;DAJK;50,00;50,00;50,00;50,00;50,00;50,00;U;Strong Uptrend
2020/07/14;DART;242,00;242,00;240,00;240,00;258,00;248,00;D;Strong Downtrend
2020/07/14;DAYA;655,00;655,00;655,00;655,00;700,00;600,00;D;Strong Uptrend
2020/07/14;DEAL;87,00;94,00;87,00;91,00;96,00;88,00;U;Strong Downtrend
2020/07/14;DEFI;1800,00;1805,00;1800,00;1800,00;1815,00;1790,00;U;Strong Downtrend
2020/07/14;DEWA;50,00;50,00;50,00;50,00;50,00;50,00;N;Strong Uptrend
2020/07/14;DFAM;350,00;350,00;350,00;350,00;360,00;302,00;U;Neutral
2020/07/14;DGIK;50,00;50,00;50,00;50,00;50,00;50,00;N;Strong Uptrend
2020/07/14;DIGI;1705,00;1705,00;1705,00;1705,00;1705,00;1705,00;D;Strong Uptrend
2020/07/14;DILD;182,00;183,00;181,00;181,00;195,00;180,00;U;Strong Downtrend
2020/07/14;DIVA;1790,00;1810,00;1775,00;1780,00;1810,00;1545,00;U;Strong Uptrend
2020/07/14;DKFT;118,00;125,00;111,00;115,00;114,00;93,00;U;Strong Uptrend
2020/07/14;DLTA;5000,00;5000,00;4990,00;4990,00;5000,00;4870,00;D;Strong Uptrend
2020/07/14;DMAS;181,00;185,00;180,00;185,00;189,00;164,00;U;Strong Uptrend
2020/07/14;DMMX;180,00;210,00;176,00;196,00;206,00;185,00;D;Strong Uptrend
2020/07/14;DMND;950,00;960,00;940,00;960,00;955,00;940,00;U;Uptrend
2020/07/14;DNAR;250,00;250,00;250,00;250,00;320,00;169,00;U;Strong Uptrend
2020/07/14;DNET;3270,00;3290,00;3270,00;3290,00;3390,00;3160,00;U;Neutral
2020/07/14;DOID;222,00;240,00;210,00;216,00;147,00;132,00;U;Strong Uptrend
2020/07/14;DPNS;258,00;278,00;256,00;256,00;278,00;228,00;U;Strong Uptrend
2020/07/14;DPUM;73,00;73,00;73,00;73,00;85,00;69,00;D;Strong Downtrend
2020/07/14;DSFI;68,00;68,00;66,00;66,00;75,00;66,00;D;Strong Downtrend
2020/07/14;DSNG;334,00;338,00;332,00;334,00;340,00;332,00;D;Downtrend
2020/07/14;DSSA;21250,00;21250,00;21250,00;21250,00;22275,00;19500,00;D;Strong Uptrend
2020/07/14;DUCK;438,00;438,00;424,00;424,00;500,00;486,00;D;Downtrend
2020/07/14;DUTI;4650,00;4790,00;4650,00;4790,00;4680,00;4630,00;D;Downtrend
2020/07/14;DVLA;2260,00;2280,00;2240,00;2270,00;2200,00;2170,00;U;Strong Uptrend
2020/07/14;DWGL;258,00;258,00;246,00;256,00;262,00;218,00;U;Strong Uptrend
2020/07/14;DYAN;51,00;51,00;50,00;50,00;51,00;50,00;D;Downtrend
2020/07/14;EAST;60,00;67,00;60,00;63,00;66,00;58,00;U;Strong Uptrend
2020/07/14;ECII;700,00;700,00;700,00;700,00;700,00;700,00;U;Strong Uptrend
2020/07/14;EKAD;1100,00;1190,00;1100,00;1160,00;1100,00;1055,00;U;Strong Uptrend
2020/07/14;ELSA;240,00;248,00;240,00;244,00;252,00;236,00;U;Strong Uptrend
2020/07/14;ELTY;50,00;50,00;50,00;50,00;50,00;50,00;N;Strong Uptrend
2020/07/14;EMDE;202,00;202,00;202,00;202,00;202,00;188,00;D;Strong Uptrend
2020/07/14;EMTK;4500,00;4500,00;4500,00;4500,00;4560,00;4900,00;D;Strong Downtrend
2020/07/14;ENRG;51,00;51,00;50,00;51,00;53,00;51,00;D;Downtrend
2020/07/14;ENVY;133,00;137,00;128,00;131,00;89,00;85,00;U;Uptrend
2020/07/14;EPAC;322,00;336,00;302,00;306,00;334,00;242,00;;N/A
2020/07/14;EPMT;1885,00;1890,00;1875,00;1880,00;1895,00;1860,00;U;Strong Uptrend
2020/07/14;ERAA;1380,00;1390,00;1335,00;1340,00;1285,00;1230,00;U;Strong Uptrend
2020/07/14;ERTX;129,00;129,00;111,00;119,00;135,00;126,00;D;Downtrend
2020/07/14;ESIP;197,00;198,00;193,00;198,00;212,00;170,00;U;Strong Uptrend
2020/07/14;ESSA;157,00;159,00;156,00;158,00;163,00;153,00;D;Uptrend
2020/07/14;ESTA;98,00;107,00;98,00;103,00;102,00;92,00;U;Uptrend
2020/07/14;ESTI;51,00;53,00;50,00;50,00;53,00;50,00;D;Downtrend
2020/07/14;ETWA;77,00;77,00;76,00;76,00;79,00;77,00;D;Uptrend
2020/07/14;EXCL;2930,00;2970,00;2900,00;2970,00;3010,00;2700,00;U;Strong Uptrend
2020/07/14;FAST;920,00;935,00;920,00;920,00;940,00;910,00;D;Strong Downtrend
2020/07/14;FASW;7300,00;7300,00;7300,00;7300,00;7300,00;7300,00;U;Strong Uptrend
2020/07/14;FILM;179,00;179,00;176,00;177,00;174,00;167,00;D;Strong Uptrend
2020/07/14;FINN;50,00;50,00;50,00;50,00;50,00;50,00;N;Strong Uptrend
2020/07/14;FIRE;112,00;116,00;109,00;111,00;115,00;100,00;U;Neutral
2020/07/14;FISH;2720,00;2720,00;2720,00;2720,00;2850,00;2780,00;D;Uptrend
2020/07/14;FITT;67,00;73,00;66,00;69,00;58,00;50,00;U;Strong Uptrend
2020/07/14;FMII;800,00;800,00;800,00;800,00;800,00;800,00;D;Strong Uptrend
2020/07/14;FOOD;123,00;129,00;119,00;128,00;145,00;111,00;D;Strong Uptrend
2020/07/14;FORU;75,00;75,00;75,00;75,00;75,00;75,00;U;Strong Downtrend
2020/07/14;FORZ;50,00;50,00;50,00;50,00;50,00;50,00;U;Strong Uptrend
2020/07/14;FPNI;93,00;93,00;91,00;91,00;94,00;89,00;D;Uptrend
2020/07/14;FREN;97,00;98,00;96,00;97,00;99,00;97,00;D;Downtrend
2020/07/14;FUJI;104,00;107,00;103,00;107,00;108,00;103,00;D;Strong Uptrend
2020/07/14;GAMA;50,00;50,00;50,00;50,00;50,00;50,00;U;Strong Uptrend
2020/07/14;GDST;56,00;61,00;56,00;60,00;65,00;56,00;D;Strong Uptrend
2020/07/14;GDYR;1375,00;1375,00;1375,00;1375,00;1400,00;1400,00;D;Strong Downtrend
2020/07/14;GEMA;372,00;372,00;372,00;372,00;368,00;362,00;U;Strong Uptrend
2020/07/14;GEMS;2550,00;2550,00;2550,00;2550,00;2550,00;2550,00;N;Strong Uptrend
2020/07/14;GGRM;47000,00;47200,00;46900,00;46975,00;47625,00;46500,00;D;Uptrend
2020/07/14;GGRP;276,00;276,00;260,00;264,00;288,00;252,00;D;Strong Downtrend
2020/07/14;GHON;1600,00;1600,00;1600,00;1600,00;1950,00;1590,00;D;Uptrend
2020/07/14;GIAA;258,00;266,00;252,00;260,00;280,00;246,00;U;Strong Uptrend
2020/07/14;GJTL;414,00;414,00;400,00;400,00;388,00;376,00;U;Strong Uptrend
2020/07/14;GLOB;157,00;165,00;157,00;157,00;200,00;144,00;D;Strong Downtrend
2020/07/14;GLVA;324,00;326,00;324,00;326,00;328,00;312,00;D;Strong Uptrend
2019/08/12;GMCW;860,00;860,00;860,00;860,00;860,00;860,00;U;Strong Uptrend
2020/07/14;GMFI;85,00;92,00;85,00;88,00;86,00;83,00;U;Strong Uptrend
2020/07/14;GMTD;17975,00;17975,00;17975,00;17975,00;17975,00;17975,00;U;Strong Uptrend
2020/07/14;GOLD;187,00;200,00;187,00;199,00;236,00;186,00;D;Uptrend
2020/07/14;GOLL;50,00;50,00;50,00;50,00;50,00;50,00;N;Strong Uptrend
2020/07/14;GOOD;1300,00;1300,00;1285,00;1295,00;1310,00;1275,00;D;Uptrend
2020/07/14;GPRA;52,00;52,00;51,00;52,00;54,00;50,00;D;Uptrend
2020/07/14;GREN;328,00;328,00;328,00;328,00;328,00;328,00;N;Strong Uptrend
2020/07/14;GSMF;113,00;113,00;111,00;111,00;125,00;109,00;D;Uptrend
2020/07/14;GTBO;77,00;79,00;75,00;75,00;85,00;77,00;D;Downtrend
2020/07/14;GWSA;110,00;110,00;103,00;103,00;101,00;94,00;U;Strong Uptrend
2020/07/14;GZCO;50,00;50,00;50,00;50,00;50,00;50,00;U;Strong Uptrend
2020/07/14;HADE;50,00;50,00;50,00;50,00;50,00;50,00;N;Strong Uptrend
2020/07/14;HDFA;170,00;170,00;149,00;149,00;160,00;130,00;U;Strong Downtrend
2020/07/14;HDIT;458,00;458,00;438,00;438,00;595,00;570,00;D;Strong Downtrend
2020/07/14;HDTX;120,00;120,00;120,00;120,00;120,00;120,00;N;Strong Uptrend
2020/07/14;HEAL;2980,00;3020,00;2970,00;2990,00;3040,00;2910,00;D;Uptrend
2020/07/14;HELI;232,00;258,00;222,00;240,00;282,00;260,00;D;Uptrend
2020/07/14;HERO;880,00;880,00;845,00;870,00;900,00;820,00;D;Downtrend
2020/07/14;HEXA;3650,00;3800,00;3650,00;3650,00;3340,00;3200,00;U;Strong Uptrend
2020/07/14;HITS;635,00;635,00;600,00;600,00;630,00;520,00;U;Uptrend
2020/07/14;HKMU;85,00;85,00;82,00;84,00;87,00;79,00;U;Strong Uptrend
2020/07/14;HMSP;1685,00;1720,00;1665,00;1710,00;1725,00;1635,00;U;Uptrend
2020/07/14;HOKI;680,00;680,00;655,00;660,00;675,00;640,00;U;Neutral
2020/07/14;HOME;50,00;50,00;50,00;50,00;50,00;50,00;U;Strong Uptrend
2020/07/14;HOTL;50,00;50,00;50,00;50,00;50,00;50,00;U;Strong Downtrend
2020/07/14;HRME;77,00;81,00;77,00;79,00;89,00;107,00;U;Strong Downtrend
2020/07/14;HRTA;230,00;236,00;226,00;228,00;236,00;224,00;U;Neutral
2020/07/14;HRUM;1255,00;1265,00;1210,00;1215,00;1290,00;1175,00;U;Neutral
2020/07/14;IATA;50,00;50,00;50,00;50,00;50,00;50,00;N;Strong Uptrend
2020/07/14;IBFN;300,00;300,00;300,00;300,00;300,00;300,00;U;Strong Downtrend
2020/07/14;IBST;8200,00;8200,00;8200,00;8200,00;8200,00;8200,00;D;Strong Downtrend
2020/07/14;ICBP;9400,00;9450,00;9250,00;9450,00;9550,00;9200,00;U;Uptrend
2020/07/14;ICON;58,00;59,00;57,00;57,00;65,00;58,00;D;Uptrend
2020/07/14;IDPR;168,00;168,00;164,00;164,00;198,00;154,00;D;Uptrend
2020/07/14;IFII;133,00;139,00;133,00;135,00;146,00;126,00;D;Downtrend
2020/07/14;IFSH;450,00;450,00;446,00;446,00;450,00;390,00;U;Strong Uptrend
2020/07/14;IGAR;270,00;270,00;266,00;266,00;278,00;258,00;U;Strong Uptrend
2020/07/14;IHSG;5064,45;5079,12;5053,72;5079,12;5111,56;4885,60;U;Strong Uptrend
2020/07/14;IIKP;50,00;50,00;50,00;50,00;50,00;50,00;N;Strong Uptrend
2020/07/14;IKAI;50,00;50,00;50,00;50,00;50,00;50,00;U;Strong Uptrend
2020/07/14;IKAN;625,00;660,00;610,00;660,00;520,00;462,00;U;Strong Uptrend
2020/07/14;IKBI;224,00;224,00;222,00;222,00;232,00;220,00;D;Downtrend
2020/07/14;IMAS;645,00;650,00;635,00;635,00;660,00;630,00;D;Uptrend
2020/07/14;IMJS;252,00;254,00;244,00;248,00;256,00;242,00;D;Strong Uptrend
2020/07/14;IMPC;1270,00;1270,00;1250,00;1270,00;1150,00;1250,00;D;Strong Uptrend
2020/07/14;INAF;1030,00;1270,00;1010,00;1180,00;1035,00;995,00;U;Uptrend
2020/07/14;INAI;374,00;378,00;356,00;358,00;358,00;336,00;U;Strong Uptrend
2020/07/14;INCF;50,00;50,00;50,00;50,00;50,00;50,00;U;Strong Uptrend
2020/07/14;INCI;550,00;550,00;470,00;470,00;590,00;486,00;D;Strong Uptrend
2020/07/14;INCO;3300,00;3300,00;3200,00;3250,00;3230,00;2770,00;U;Strong Uptrend
2020/07/14;INDF;6575,00;6625,00;6500,00;6600,00;6675,00;6400,00;D;Strong Uptrend
2020/07/14;INDO;118,00;159,00;111,00;159,00;119,00;110,00;U;Strong Uptrend
2020/07/14;INDR;2260,00;2260,00;2250,00;2260,00;2310,00;1980,00;U;Strong Uptrend
2020/07/14;INDS;2260,00;2260,00;2140,00;2240,00;2420,00;1940,00;U;Strong Uptrend
2020/07/14;INDX;50,00;50,00;50,00;50,00;50,00;50,00;D;Downtrend
2020/07/14;INDY;955,00;1040,00;915,00;920,00;710,00;690,00;U;Uptrend
2020/07/14;INKP;7725,00;7775,00;7250,00;7300,00;8075,00;6300,00;U;Strong Uptrend
2020/07/14;INOV;244,00;260,00;236,00;260,00;280,00;260,00;U;Strong Downtrend
2020/07/14;INPC;51,00;51,00;50,00;51,00;53,00;50,00;U;Uptrend
2020/07/14;INPP;700,00;700,00;660,00;700,00;700,00;570,00;U;Neutral
2020/07/14;INPS;1700,00;1810,00;1600,00;1615,00;2090,00;1620,00;U;Strong Downtrend
2020/07/14;INRU;810,00;865,00;800,00;865,00;850,00;780,00;U;Neutral
2020/07/14;INTA;274,00;278,00;262,00;278,00;280,00;262,00;U;Uptrend
2020/07/14;INTD;142,00;145,00;140,00;140,00;149,00;147,00;D;Strong Downtrend
2020/07/14;INTP;11675,00;11900,00;11650,00;11675,00;12075,00;11400,00;D;Uptrend
2017/10/20;INVS;117,00;117,00;117,00;117,00;117,00;117,00;N;Strong Uptrend
2020/07/14;IPCC;426,00;452,00;416,00;430,00;446,00;420,00;D;Uptrend
2020/07/14;IPCM;199,00;202,00;198,00;200,00;206,00;196,00;D;Uptrend
2020/07/14;IPOL;73,00;75,00;73,00;74,00;75,00;72,00;D;Strong Uptrend
2020/07/14;IPTV;360,00;362,00;350,00;354,00;382,00;366,00;D;Strong Downtrend
2020/07/14;IRRA;580,00;585,00;575,00;575,00;600,00;565,00;D;Strong Uptrend
2020/07/14;ISAT;2570,00;2640,00;2550,00;2550,00;2640,00;2300,00;D;Strong Uptrend
2020/07/14;ISSP;129,00;134,00;128,00;128,00;135,00;124,00;U;Uptrend
2020/07/14;ITIC;1125,00;1150,00;1080,00;1090,00;1440,00;1610,00;U;Strong Downtrend
2020/07/14;ITMA;410,00;410,00;410,00;410,00;410,00;410,00;D;Strong Uptrend
2020/07/14;ITMG;7800,00;7800,00;7625,00;7625,00;7875,00;7325,00;U;Neutral
2020/01/22;ITTG;82,00;82,00;82,00;82,00;82,00;82,00;U;Strong Uptrend
2020/07/14;JAST;93,00;102,00;93,00;98,00;112,00;90,00;U;Strong Downtrend
2020/07/14;JAWA;66,00;66,00;66,00;66,00;69,00;68,00;D;Downtrend
2020/07/14;JAYA;82,00;92,00;82,00;87,00;94,00;79,00;U;Strong Uptrend
2020/07/14;JECC;6800,00;6800,00;6800,00;6800,00;6950,00;6950,00;D;Strong Downtrend
2020/07/14;JGLE;50,00;50,00;50,00;50,00;50,00;50,00;N;Strong Uptrend
2020/07/14;JIHD;540,00;625,00;540,00;610,00;625,00;496,00;U;Strong Uptrend
2020/07/14;JKON;328,00;360,00;326,00;360,00;410,00;400,00;D;Strong Downtrend
2020/07/14;JKSW;60,00;60,00;60,00;60,00;60,00;60,00;N;Strong Uptrend
2020/07/14;JMAS;193,00;204,00;193,00;204,00;260,00;182,00;U;Neutral
2020/07/14;JPFA;1180,00;1180,00;1155,00;1165,00;1220,00;1140,00;D;Uptrend
2018/10/05;JPRS;168,00;168,00;168,00;168,00;200,00;168,00;D;Strong Downtrend
2020/07/14;JRPT;416,00;418,00;412,00;416,00;454,00;410,00;D;Uptrend
2020/07/14;JSKY;81,00;83,00;80,00;81,00;88,00;75,00;U;Strong Downtrend
2020/07/14;JSMR;4450,00;4450,00;4400,00;4400,00;4500,00;4390,00;D;Strong Uptrend
2020/07/14;JSPT;995,00;995,00;995,00;995,00;995,00;995,00;D;Strong Uptrend
2020/07/14;JTPE;775,00;780,00;775,00;775,00;780,00;765,00;U;Strong Uptrend
2020/07/14;KAEF;1200,00;1430,00;1180,00;1340,00;1170,00;1125,00;U;Uptrend
2020/07/14;KARW;50,00;50,00;50,00;50,00;51,00;50,00;D;Strong Downtrend
2020/07/14;KAYU;50,00;62,00;50,00;53,00;50,00;50,00;U;Strong Uptrend
2020/07/14;KBAG;402,00;402,00;392,00;394,00;408,00;390,00;D;Strong Uptrend
2020/07/14;KBLI;426,00;434,00;406,00;410,00;470,00;390,00;D;Strong Uptrend
2020/07/14;KBLM;228,00;230,00;228,00;230,00;230,00;222,00;U;Strong Downtrend
2020/07/14;KBLV;330,00;360,00;330,00;350,00;410,00;340,00;D;Downtrend
2020/07/14;KBRI;50,00;50,00;50,00;50,00;50,00;50,00;N;Strong Uptrend
2020/07/14;KDSI;910,00;910,00;855,00;855,00;945,00;850,00;D;Strong Uptrend
2020/07/14;KEEN;330,00;340,00;320,00;340,00;330,00;320,00;U;Strong Uptrend
2020/07/14;KEJU;1020,00;1040,00;1000,00;1035,00;980,00;900,00;U;Strong Uptrend
2020/07/14;KIAS;50,00;50,00;50,00;50,00;50,00;50,00;U;Strong Uptrend
2020/07/14;KICI;218,00;218,00;218,00;218,00;228,00;200,00;U;Uptrend
2020/07/14;KIJA;147,00;147,00;143,00;146,00;146,00;140,00;U;Strong Uptrend
2020/07/14;KINO;3270,00;3360,00;3270,00;3290,00;3660,00;3200,00;D;Uptrend
2020/07/14;KIOS;188,00;188,00;188,00;188,00;224,00;187,00;D;Downtrend
2020/07/14;KJEN;1100,00;1100,00;1100,00;1100,00;1100,00;1100,00;U;Strong Downtrend
2020/07/14;KKGI;204,00;208,00;192,00;198,00;212,00;188,00;D;Downtrend
2020/07/14;KLBF;1460,00;1510,00;1460,00;1505,00;1540,00;1430,00;D;Strong Uptrend
2020/07/14;KMTR;250,00;274,00;250,00;274,00;238,00;230,00;U;Uptrend
2020/07/14;KOBX;92,00;94,00;91,00;92,00;107,00;90,00;U;Strong Uptrend
2020/07/14;KOIN;100,00;100,00;100,00;100,00;100,00;100,00;U;Neutral
2020/07/14;KONI;496,00;496,00;492,00;492,00;550,00;550,00;D;Uptrend
2020/07/14;KOPI;515,00;515,00;510,00;510,00;510,00;490,00;U;Strong Downtrend
2020/07/14;KOTA;630,00;650,00;625,00;645,00;645,00;635,00;D;Strong Uptrend
2020/07/14;KPAL;65,00;70,00;65,00;68,00;72,00;63,00;D;Strong Downtrend
2020/07/14;KPAS;50,00;50,00;50,00;50,00;50,00;50,00;D;Strong Downtrend
2020/07/14;KPIG;111,00;112,00;108,00;110,00;112,00;111,00;D;Strong Downtrend
2020/07/14;KRAH;438,00;438,00;438,00;438,00;438,00;438,00;D;Strong Downtrend
2020/07/14;KRAS;356,00;382,00;346,00;362,00;292,00;276,00;U;Strong Uptrend
2020/07/14;KREN;136,00;136,00;128,00;128,00;142,00;135,00;D;Downtrend
2017/12/27;LAMI;368,00;368,00;368,00;368,00;368,00;368,00;N;Strong Uptrend
2020/07/14;LAND;232,00;234,00;208,00;208,00;250,00;208,00;D;Strong Downtrend
2020/07/14;LAPD;50,00;50,00;50,00;50,00;50,00;50,00;N;Strong Uptrend
2020/07/14;LCGP;114,00;114,00;114,00;114,00;114,00;114,00;N;Strong Uptrend
2020/07/14;LCKM;332,00;360,00;332,00;360,00;370,00;366,00;U;Uptrend
2020/07/14;LEAD;50,00;50,00;50,00;50,00;50,00;50,00;N;Strong Uptrend
2020/07/14;LIFE;7100,00;7100,00;7100,00;7100,00;7250,00;6300,00;D;Strong Uptrend
2020/07/14;LINK;2010,00;2160,00;2010,00;2060,00;2400,00;2160,00;D;Strong Downtrend
2020/07/14;LION;340,00;356,00;340,00;356,00;498,00;286,00;D;Strong Uptrend
2020/07/14;LMAS;50,00;51,00;50,00;50,00;65,00;63,00;D;Downtrend
2020/07/14;LMPI;76,00;80,00;76,00;80,00;83,00;76,00;U;Strong Downtrend
2020/07/14;LMSH;318,00;318,00;288,00;310,00;300,00;280,00;U;Strong Uptrend
2020/07/14;LPCK;820,00;830,00;810,00;810,00;875,00;845,00;D;Uptrend
2020/07/14;LPGI;3800,00;3800,00;3780,00;3780,00;3800,00;3750,00;D;Uptrend
2020/07/14;LPIN;252,00;252,00;238,00;238,00;274,00;220,00;D;Strong Uptrend
2020/07/14;LPKR;155,00;156,00;149,00;150,00;170,00;161,00;D;Downtrend
2020/07/14;LPLI;76,00;76,00;76,00;76,00;76,00;76,00;D;Strong Uptrend
2020/07/14;LPPF;1415,00;1435,00;1380,00;1385,00;1460,00;1550,00;D;Downtrend
2020/07/14;LPPS;78,00;78,00;75,00;77,00;83,00;75,00;D;Uptrend
2020/07/14;LRNA;138,00;138,00;137,00;138,00;140,00;130,00;U;Strong Downtrend
2020/07/14;LSIP;880,00;890,00;865,00;890,00;890,00;845,00;U;Strong Uptrend
2020/07/14;LTLS;440,00;440,00;430,00;440,00;442,00;430,00;D;Uptrend
2020/07/14;LUCK;314,00;314,00;308,00;312,00;328,00;308,00;U;Strong Downtrend
2020/07/14;MABA;50,00;50,00;50,00;50,00;50,00;50,00;N;Strong Uptrend
2020/07/14;MAGP;50,00;50,00;50,00;50,00;50,00;50,00;N;Strong Uptrend
2020/07/14;MAIN;635,00;635,00;615,00;625,00;635,00;565,00;U;Strong Uptrend
2020/07/14;MAMI;50,00;50,00;50,00;50,00;50,00;50,00;U;Strong Uptrend
2020/07/14;MAMIP;600,00;600,00;600,00;600,00;600,00;600,00;N;Strong Uptrend
2020/07/14;MAPA;2280,00;2310,00;2160,00;2200,00;2610,00;2450,00;D;Downtrend
2020/07/14;MAPB;1450,00;1450,00;1450,00;1450,00;1500,00;1440,00;D;Strong Downtrend
2020/07/14;MAPI;725,00;725,00;700,00;700,00;745,00;705,00;D;Downtrend
2020/07/14;MARI;54,00;54,00;51,00;51,00;67,00;51,00;U;Strong Downtrend
2020/07/14;MARK;780,00;815,00;745,00;795,00;492,00;655,00;U;Strong Uptrend
2020/07/14;MASA;580,00;580,00;580,00;580,00;610,00;530,00;D;Strong Uptrend
2020/07/14;MAYA;6500,00;6500,00;6500,00;6500,00;6500,00;6500,00;D;Uptrend
2020/07/14;MBAP;1650,00;1705,00;1650,00;1690,00;1780,00;1630,00;U;Strong Uptrend
2020/07/14;MBSS;360,00;414,00;356,00;384,00;350,00;316,00;U;Strong Uptrend
2020/07/14;MBTO;64,00;86,00;64,00;79,00;69,00;62,00;U;Uptrend
2020/07/14;MCAS;1915,00;2030,00;1910,00;2030,00;1850,00;1750,00;U;Strong Uptrend
2020/07/14;MCOR;151,00;155,00;146,00;149,00;141,00;137,00;U;Strong Uptrend
2020/07/14;MDIA;50,00;50,00;50,00;50,00;50,00;50,00;U;Strong Uptrend
2020/07/14;MDKA;1530,00;1540,00;1495,00;1510,00;1555,00;1360,00;U;Strong Uptrend
2020/07/14;MDKI;158,00;158,00;148,00;149,00;149,00;127,00;U;Uptrend
2020/07/14;MDLN;55,00;55,00;55,00;55,00;55,00;55,00;U;Strong Downtrend
2020/07/14;MDRN;50,00;50,00;50,00;50,00;50,00;50,00;N;Strong Uptrend
2020/07/14;MEDC;462,00;466,00;458,00;460,00;484,00;460,00;D;Downtrend
2020/07/14;MEGA;6200,00;6200,00;6200,00;6200,00;6350,00;6300,00;D;Strong Downtrend
2020/07/14;MERK;3110,00;3450,00;3100,00;3370,00;3000,00;2740,00;U;Strong Uptrend
2020/07/14;META;110,00;111,00;109,00;109,00;114,00;107,00;D;Uptrend
2020/07/14;MFIN;975,00;1005,00;975,00;985,00;1125,00;850,00;U;Uptrend
2020/07/14;MFMI;515,00;520,00;510,00;520,00;520,00;488,00;U;Neutral
2020/07/14;MGNA;50,00;50,00;50,00;50,00;50,00;50,00;N;Strong Uptrend
2020/07/14;MGRO;690,00;690,00;675,00;675,00;695,00;665,00;D;Downtrend
2020/07/14;MICE;308,00;310,00;300,00;302,00;318,00;300,00;D;Strong Downtrend
2020/07/14;MIDI;1405,00;1450,00;1405,00;1450,00;1410,00;1405,00;U;Strong Uptrend
2020/07/14;MIKA;2290,00;2330,00;2270,00;2280,00;2480,00;2210,00;D;Uptrend
2020/07/14;MINA;50,00;50,00;50,00;50,00;50,00;50,00;U;Strong Uptrend
2020/07/14;MIRA;50,00;50,00;50,00;50,00;50,00;50,00;N;Strong Uptrend
2020/07/14;MITI;51,00;51,00;51,00;51,00;51,00;51,00;N;Strong Uptrend
2020/07/14;MKNT;50,00;50,00;50,00;50,00;50,00;50,00;D;Strong Uptrend
2020/07/14;MKPI;15800,00;15800,00;15800,00;15800,00;15800,00;15800,00;U;Strong Downtrend
2020/07/14;MLBI;10000,00;10000,00;9950,00;9975,00;10000,00;9975,00;D;Strong Downtrend
2020/07/14;MLIA;560,00;575,00;555,00;570,00;575,00;540,00;U;Strong Uptrend
2020/07/14;MLPL;52,00;52,00;51,00;52,00;53,00;51,00;D;Downtrend
2020/07/14;MLPT;600,00;610,00;590,00;600,00;610,00;575,00;D;Uptrend
2020/07/14;MMLP;184,00;184,00;178,00;180,00;195,00;183,00;D;Uptrend
2020/07/14;MNCN;910,00;910,00;895,00;905,00;925,00;885,00;D;Downtrend
2020/07/14;MOLI;990,00;1000,00;955,00;1000,00;1000,00;1000,00;U;Strong Downtrend
2020/07/14;MPMX;490,00;492,00;484,00;490,00;494,00;480,00;U;Strong Downtrend
2020/07/14;MPOW;54,00;55,00;54,00;55,00;61,00;53,00;U;Strong Downtrend
2020/07/14;MPPA;111,00;111,00;109,00;110,00;115,00;110,00;D;Downtrend
2020/07/14;MPRO;860,00;900,00;780,00;825,00;870,00;820,00;D;Strong Downtrend
2020/07/14;MRAT;131,00;131,00;130,00;130,00;135,00;130,00;U;Uptrend
2020/07/14;MREI;5025,00;5025,00;5025,00;5025,00;5450,00;5800,00;D;Strong Downtrend
2020/07/14;MSIN;258,00;258,00;244,00;252,00;276,00;242,00;D;Strong Downtrend
2020/07/14;MSKY;1000,00;1000,00;1000,00;1000,00;1000,00;1000,00;U;Strong Downtrend
2020/07/14;MTDL;1425,00;1450,00;1420,00;1450,00;1430,00;1345,00;U;Strong Uptrend
2020/07/14;MTFN;50,00;50,00;50,00;50,00;50,00;50,00;N;Strong Uptrend
2020/07/14;MTLA;386,00;398,00;374,00;398,00;400,00;340,00;D;Uptrend
2020/07/14;MTPS;135,00;139,00;132,00;132,00;141,00;131,00;U;Strong Downtrend
2020/07/14;MTRA;244,00;244,00;244,00;244,00;244,00;244,00;U;Strong Uptrend
2020/07/14;MTSM;204,00;216,00;192,00;204,00;222,00;204,00;D;Uptrend
2020/07/14;MTWI;50,00;50,00;50,00;50,00;51,00;50,00;D;Strong Downtrend
2020/07/14;MYOH;1010,00;1090,00;1010,00;1090,00;1045,00;1000,00;U;Uptrend
2020/07/14;MYOR;2190,00;2220,00;2180,00;2210,00;2260,00;2230,00;D;Uptrend
2020/07/14;MYRX;50,00;50,00;50,00;50,00;50,00;50,00;U;Strong Uptrend
2020/07/14;MYRXP;50,00;50,00;50,00;50,00;50,00;50,00;N;Strong Uptrend
2020/07/14;MYTX;52,00;52,00;52,00;52,00;54,00;50,00;U;Uptrend
2019/08/22;NAGA;236,00;236,00;236,00;236,00;236,00;176,00;U;Uptrend
2020/07/14;NASA;108,00;112,00;108,00;109,00;153,00;153,00;D;Strong Downtrend
2020/07/14;NATO;286,00;302,00;286,00;296,00;324,00;282,00;U;Strong Downtrend
2020/07/14;NELY;129,00;129,00;126,00;127,00;133,00;132,00;D;Downtrend
2020/07/14;NFCX;1710,00;1735,00;1710,00;1710,00;1890,00;1630,00;D;Uptrend
2020/07/14;NICK;348,00;348,00;348,00;348,00;348,00;348,00;U;Strong Uptrend
2020/07/14;NIKL;500,00;625,00;500,00;625,00;515,00;480,00;U;Strong Uptrend
2020/07/14;NIPS;282,00;282,00;282,00;282,00;282,00;282,00;N;Strong Uptrend
2020/07/14;NIRO;140,00;140,00;140,00;140,00;145,00;131,00;D;Strong Downtrend
2020/07/14;NISP;730,00;745,00;715,00;735,00;750,00;725,00;U;Strong Uptrend
2020/07/14;NOBU;730,00;730,00;730,00;730,00;765,00;725,00;D;Strong Downtrend
2020/07/14;NRCA;376,00;380,00;370,00;370,00;350,00;346,00;U;Strong Uptrend
2020/07/14;NUSA;50,00;50,00;50,00;50,00;50,00;50,00;U;Strong Uptrend
2020/07/14;NZIA;210,00;210,00;206,00;206,00;240,00;174,00;D;Uptrend
2020/07/14;OASA;388,00;388,00;388,00;388,00;388,00;388,00;D;Strong Uptrend
2020/07/14;OCAP;196,00;196,00;196,00;196,00;196,00;196,00;D;Uptrend
2020/07/14;OKAS;76,00;82,00;76,00;80,00;85,00;75,00;D;Uptrend
2020/07/14;OMRE;316,00;316,00;316,00;316,00;316,00;316,00;U;Strong Downtrend
2020/07/14;OPMS;127,00;131,00;125,00;129,00;119,00;113,00;U;Strong Uptrend
2020/07/14;PADI;50,00;50,00;50,00;50,00;50,00;50,00;U;Strong Uptrend
2020/07/14;PALM;184,00;190,00;180,00;190,00;200,00;181,00;D;Uptrend
2020/07/14;PAMG;80,00;84,00;80,00;83,00;88,00;80,00;D;Strong Uptrend
2020/07/14;PANI;59,00;60,00;57,00;60,00;62,00;57,00;U;Strong Downtrend
2020/07/14;PANR;88,00;91,00;88,00;90,00;91,00;88,00;D;Uptrend
2020/07/14;PANS;880,00;890,00;865,00;870,00;1190,00;890,00;D;Uptrend
2020/07/14;PBID;870,00;875,00;860,00;875,00;865,00;845,00;U;Neutral
2020/07/14;PBRX;254,00;254,00;244,00;248,00;278,00;240,00;D;Uptrend
2020/07/14;PBSA;690,00;690,00;690,00;690,00;690,00;655,00;U;Neutral
2020/07/14;PCAR;214,00;214,00;200,00;200,00;214,00;214,00;D;Strong Downtrend
2020/07/14;PDES;460,00;500,00;460,00;488,00;550,00;450,00;U;Neutral
2020/07/14;PEGE;125,00;125,00;117,00;117,00;126,00;109,00;U;Strong Downtrend
2020/07/14;PEHA;1125,00;1160,00;1110,00;1155,00;1320,00;1065,00;D;Uptrend
2020/07/14;PGAS;1160,00;1185,00;1145,00;1165,00;1190,00;1110,00;D;Strong Uptrend
2020/07/14;PGJO;79,00;79,00;73,00;74,00;84,00;72,00;D;Strong Downtrend
2020/07/14;PGLI;208,00;226,00;206,00;226,00;228,00;206,00;U;Neutral
2020/07/14;PGUN;498,00;505,00;376,00;420,00;;;;N/A
2020/07/14;PICO;198,00;204,00;197,00;200,00;216,00;187,00;D;Downtrend
2020/07/14;PJAA;535,00;540,00;535,00;540,00;550,00;525,00;D;Strong Uptrend
2020/07/14;PKPK;50,00;51,00;50,00;50,00;50,00;50,00;U;Strong Uptrend
2020/07/14;PLAS;50,00;50,00;50,00;50,00;50,00;50,00;N;Strong Uptrend
2020/07/14;PLIN;2440,00;2440,00;2400,00;2400,00;2820,00;2340,00;D;Uptrend
2020/07/14;PMJS;125,00;126,00;125,00;125,00;126,00;125,00;U;Strong Downtrend
2020/07/14;PNBN;875,00;875,00;840,00;840,00;820,00;780,00;U;Strong Uptrend
2020/07/14;PNBS;50,00;50,00;50,00;50,00;50,00;50,00;N;Strong Uptrend
2020/07/14;PNIN;740,00;740,00;700,00;720,00;775,00;725,00;D;Strong Downtrend
2020/07/14;PNLF;188,00;189,00;182,00;185,00;196,00;180,00;U;Uptrend
2020/07/14;PNSE;675,00;840,00;675,00;840,00;515,00;515,00;U;Uptrend
2020/07/14;POLA;53,00;56,00;53,00;53,00;57,00;51,00;U;Neutral
2020/07/14;POLI;1095,00;1170,00;1095,00;1145,00;1200,00;1090,00;D;Uptrend
2020/07/14;POLL;5100,00;5100,00;4750,00;4750,00;6125,00;6200,00;D;Strong Downtrend
2020/07/14;POLU;860,00;1070,00;860,00;930,00;1130,00;800,00;U;Uptrend
2020/07/14;POLY;50,00;50,00;50,00;50,00;50,00;50,00;U;Strong Uptrend
2020/07/14;POOL;50,00;50,00;50,00;50,00;50,00;50,00;U;Strong Uptrend
2020/07/14;PORT;500,00;500,00;500,00;500,00;540,00;540,00;U;Neutral
2020/07/14;POSA;50,00;50,00;50,00;50,00;50,00;50,00;U;Strong Uptrend
2020/07/14;POWR;595,00;600,00;590,00;590,00;620,00;590,00;D;Strong Downtrend
2020/07/14;PPRE;197,00;199,00;193,00;195,00;202,00;188,00;D;Uptrend
2020/07/14;PPRO;50,00;50,00;50,00;50,00;50,00;50,00;U;Strong Downtrend
2020/07/14;PRAS;108,00;111,00;108,00;111,00;149,00;142,00;D;Strong Downtrend
2020/07/14;PRDA;3160,00;3160,00;3100,00;3100,00;3350,00;3130,00;D;Strong Downtrend
2020/07/14;PRIM;284,00;320,00;282,00;286,00;330,00;278,00;D;Downtrend
2020/07/14;PSAB;183,00;185,00;179,00;180,00;188,00;177,00;U;Strong Downtrend
2020/07/14;PSDN;113,00;113,00;113,00;113,00;113,00;113,00;D;Downtrend
2020/07/14;PSGO;105,00;108,00;105,00;106,00;100,00;100,00;U;Uptrend
2020/07/14;PSKT;50,00;50,00;50,00;50,00;50,00;50,00;N;Strong Uptrend
2020/07/14;PSSI;167,00;170,00;165,00;170,00;182,00;161,00;D;Strong Uptrend
2020/07/14;PTBA;2180,00;2200,00;2140,00;2140,00;2120,00;2040,00;U;Strong Uptrend
2020/07/14;PTIS;171,00;179,00;170,00;179,00;189,00;178,00;D;Strong Uptrend
2020/07/14;PTPP;1000,00;1000,00;970,00;980,00;1030,00;955,00;D;Strong Uptrend
2020/07/14;PTPW;1310,00;1440,00;1305,00;1400,00;1090,00;1075,00;U;Strong Uptrend
2020/07/14;PTRO;1650,00;1755,00;1555,00;1610,00;1370,00;1345,00;U;Strong Uptrend
2020/07/14;PTSN;179,00;190,00;179,00;186,00;192,00;179,00;D;Uptrend
2020/07/14;PTSP;3250,00;3250,00;3250,00;3250,00;3250,00;3250,00;D;Strong Downtrend
2020/07/14;PUDP;250,00;250,00;250,00;250,00;292,00;242,00;D;Strong Uptrend
2020/07/14;PURA;117,00;127,00;117,00;121,00;145,00;91,00;U;Strong Uptrend
2020/07/14;PURE;111,00;114,00;111,00;113,00;129,00;109,00;D;Strong Uptrend
2020/07/14;PWON;410,00;418,00;408,00;414,00;428,00;410,00;D;Uptrend
2020/07/14;PYFA;640,00;680,00;635,00;650,00;660,00;605,00;D;Strong Uptrend
2020/07/14;PZZA;685,00;690,00;670,00;680,00;750,00;665,00;D;Downtrend
2020/07/14;RAJA;111,00;115,00;110,00;111,00;114,00;110,00;D;Strong Uptrend
2020/07/14;RALS;580,00;585,00;565,00;575,00;595,00;570,00;D;Downtrend
2020/07/14;RANC;410,00;424,00;402,00;404,00;470,00;408,00;D;Strong Uptrend
2020/07/14;RBMS;50,00;50,00;50,00;50,00;50,00;50,00;U;Strong Uptrend
2020/07/14;RDTX;4950,00;4950,00;4950,00;4950,00;4950,00;4950,00;D;Strong Uptrend
2020/07/14;REAL;51,00;51,00;50,00;51,00;58,00;50,00;D;Strong Downtrend
2020/07/14;RELI;312,00;312,00;292,00;292,00;312,00;312,00;D;Uptrend
2020/07/14;RICY;94,00;95,00;94,00;94,00;96,00;94,00;U;Strong Downtrend
2020/07/14;RIGS;226,00;226,00;210,00;210,00;228,00;204,00;D;Uptrend
2020/07/14;RIMO;50,00;50,00;50,00;50,00;50,00;50,00;U;Strong Uptrend
2020/07/14;RISE;488,00;490,00;488,00;490,00;472,00;466,00;U;Strong Uptrend
2020/07/14;RMBA;228,00;228,00;224,00;226,00;248,00;222,00;D;Strong Downtrend
2020/07/14;RODA;50,00;50,00;50,00;50,00;51,00;50,00;D;Downtrend
2020/07/14;RONY;175,00;175,00;156,00;156,00;184,00;172,00;D;Strong Downtrend
2020/07/14;ROTI;1250,00;1250,00;1240,00;1250,00;1195,00;1185,00;U;Uptrend
2020/07/14;RUIS;163,00;163,00;163,00;163,00;174,00;165,00;D;Strong Downtrend
2020/07/14;SAFE;192,00;193,00;191,00;192,00;196,00;181,00;U;Neutral
2020/07/14;SAME;65,00;69,00;65,00;67,00;92,00;100,00;D;Strong Downtrend
2020/07/14;SAMF;396,00;396,00;374,00;388,00;388,00;350,00;U;Neutral
2020/07/14;SAPX;2250,00;2250,00;2250,00;2250,00;2340,00;1800,00;U;Strong Uptrend
2020/07/14;SATU;50,00;50,00;50,00;50,00;50,00;50,00;U;Strong Downtrend
2020/07/14;SBAT;101,00;102,00;98,00;100,00;119,00;97,00;U;Strong Downtrend
2020/04/17;SCBD;2700,00;2700,00;2700,00;2700,00;2700,00;2700,00;N;Strong Uptrend
2020/07/14;SCCO;9250,00;9375,00;9250,00;9375,00;9325,00;9200,00;U;Strong Uptrend
2020/07/14;SCMA;1235,00;1250,00;1225,00;1240,00;1300,00;1215,00;D;Strong Uptrend
2020/07/14;SCPI;29000,00;29000,00;29000,00;29000,00;29000,00;29000,00;N;Strong Uptrend
2020/07/14;SDMU;50,00;50,00;50,00;50,00;50,00;50,00;N;Strong Uptrend
2020/07/14;SDPC;112,00;112,00;107,00;111,00;119,00;98,00;U;Strong Uptrend
2020/07/14;SDRA;700,00;780,00;700,00;780,00;780,00;730,00;U;Neutral
2020/07/14;SFAN;985,00;985,00;985,00;985,00;995,00;985,00;D;Strong Uptrend
2020/07/14;SGRO;2000,00;2000,00;1985,00;2000,00;2000,00;1980,00;U;Strong Downtrend
2020/07/14;SHID;3650,00;3650,00;3650,00;3650,00;3650,00;3650,00;D;Strong Uptrend
2020/07/14;SHIP;600,00;600,00;585,00;595,00;600,00;575,00;U;Neutral
2019/06/14;SIAP;83,00;83,00;83,00;83,00;83,00;83,00;U;Strong Uptrend
2020/07/14;SIDO;1225,00;1230,00;1215,00;1215,00;1245,00;1180,00;D;Strong Downtrend
2020/07/14;SILO;5125,00;5150,00;4990,00;4990,00;5225,00;5050,00;D;Strong Downtrend
2020/07/14;SIMA;50,00;50,00;50,00;50,00;50,00;50,00;U;Strong Uptrend
2020/07/14;SIMP;274,00;282,00;270,00;282,00;282,00;266,00;U;Strong Uptrend
2020/07/14;SINI;600,00;600,00;540,00;560,00;615,00;505,00;U;Neutral
2020/07/14;SIPD;1010,00;1015,00;1010,00;1015,00;1100,00;980,00;D;Strong Downtrend
2020/07/14;SKBM;264,00;264,00;264,00;264,00;300,00;264,00;D;Downtrend
2020/07/14;SKLT;1610,00;1610,00;1610,00;1610,00;1610,00;1610,00;D;Strong Uptrend
2020/07/14;SKRN;600,00;610,00;585,00;585,00;498,00;535,00;U;Strong Uptrend
2020/07/14;SKYB;51,00;51,00;51,00;51,00;51,00;51,00;U;Strong Uptrend
2020/07/14;SLIS;5150,00;5325,00;5150,00;5175,00;5375,00;5025,00;D;Strong Uptrend
2020/07/14;SMAR;3310,00;3380,00;3080,00;3300,00;3130,00;2980,00;U;Strong Uptrend
2020/07/14;SMBR;332,00;410,00;322,00;410,00;328,00;308,00;U;Strong Uptrend
2020/07/14;SMCB;1030,00;1050,00;1010,00;1045,00;1120,00;1010,00;D;Downtrend
2020/07/14;SMDM;83,00;98,00;83,00;98,00;105,00;88,00;U;Strong Uptrend
2020/07/14;SMDR;230,00;236,00;226,00;226,00;230,00;214,00;U;Strong Uptrend
2020/07/14;SMGR;9425,00;9650,00;9375,00;9650,00;9850,00;9425,00;D;Strong Uptrend
2020/07/14;SMKL;170,00;178,00;170,00;175,00;184,00;163,00;U;Strong Downtrend
2020/07/14;SMMA;17500,00;17500,00;16275,00;17350,00;18000,00;15300,00;D;Strong Uptrend
2020/07/14;SMMT;76,00;84,00;76,00;78,00;76,00;66,00;U;Strong Downtrend
2020/07/14;SMRA;590,00;600,00;585,00;590,00;635,00;585,00;D;Uptrend
2020/07/14;SMRU;50,00;50,00;50,00;50,00;50,00;50,00;D;Strong Uptrend
2020/07/14;SMSM;1140,00;1140,00;1110,00;1135,00;1140,00;1040,00;U;Neutral
2017/06/22;SOBI;1700,00;1700,00;1700,00;1700,00;1700,00;1700,00;N;Strong Uptrend
2020/07/14;SOCI;129,00;129,00;126,00;127,00;125,00;121,00;U;Neutral
2020/07/14;SOFA;89,00;92,00;81,00;84,00;121,00;;;N/A
2020/07/14;SONA;6000,00;6000,00;6000,00;6000,00;6000,00;6000,00;D;Uptrend
2020/07/14;SOSS;378,00;400,00;334,00;344,00;446,00;390,00;D;Strong Downtrend
2020/07/14;SOTS;220,00;220,00;202,00;202,00;224,00;188,00;U;Uptrend
2020/07/14;SPMA;260,00;260,00;260,00;260,00;268,00;250,00;U;Strong Downtrend
2020/07/14;SPTO;496,00;496,00;484,00;494,00;500,00;494,00;U;Strong Downtrend
2018/03/20;SQBB;10500,00;10500,00;10500,00;10500,00;10500,00;10500,00;D;Strong Uptrend
2018/03/20;SQBI;440000,00;440000,00;440000,00;440000,00;440000,00;440000,00;D;Strong Uptrend
2020/07/14;SQMI;174,00;202,00;174,00;185,00;189,00;174,00;U;Strong Downtrend
2020/07/14;SRAJ;130,00;130,00;125,00;127,00;133,00;125,00;D;Strong Downtrend
2020/07/14;SRIL;196,00;196,00;193,00;193,00;199,00;193,00;D;Uptrend
2020/07/14;SRSN;60,00;60,00;58,00;60,00;62,00;56,00;U;Strong Uptrend
2020/07/14;SRTG;2740,00;2740,00;2730,00;2730,00;2740,00;2700,00;U;Strong Downtrend
2020/07/14;SSIA;378,00;378,00;362,00;366,00;394,00;380,00;D;Uptrend
2020/07/14;SSMS;800,00;805,00;790,00;800,00;805,00;790,00;U;Neutral
2020/07/14;SSTM;675,00;675,00;675,00;675,00;675,00;675,00;U;Strong Uptrend
2020/07/14;STAR;137,00;137,00;122,00;129,00;140,00;128,00;D;Strong Downtrend
2020/07/14;STTP;8500,00;8500,00;8500,00;8500,00;8750,00;8400,00;U;Neutral
2020/07/14;SUGI;50,00;50,00;50,00;50,00;50,00;50,00;N;Strong Uptrend
2020/07/14;SULI;50,00;50,00;50,00;50,00;50,00;50,00;U;Strong Uptrend
2020/07/14;SUPR;4850,00;4850,00;4850,00;4850,00;4850,00;4850,00;D;Strong Uptrend
2020/07/14;SURE;2930,00;2930,00;2930,00;2930,00;2930,00;2930,00;D;Strong Uptrend
2020/07/14;SWAT;96,00;98,00;96,00;97,00;100,00;93,00;U;Strong Uptrend
2020/07/14;TALF;246,00;246,00;214,00;214,00;294,00;256,00;D;Strong Downtrend
2020/07/14;TAMA;159,00;159,00;151,00;157,00;159,00;150,00;U;Uptrend
2020/07/14;TAMU;59,00;60,00;57,00;59,00;63,00;61,00;U;Strong Downtrend
2020/07/14;TARA;173,00;173,00;173,00;173,00;198,00;198,00;D;Strong Downtrend
2020/07/14;TAXI;50,00;50,00;50,00;50,00;50,00;50,00;N;Strong Uptrend
2020/07/14;TBIG;1125,00;1135,00;1110,00;1125,00;1140,00;1100,00;U;Strong Uptrend
2020/07/14;TBLA;615,00;650,00;610,00;650,00;590,00;575,00;U;Strong Uptrend
2020/07/14;TBMS;660,00;660,00;650,00;655,00;695,00;660,00;D;Downtrend
2020/07/14;TCID;7375,00;7375,00;7325,00;7325,00;7500,00;7475,00;U;Strong Downtrend
2020/07/14;TCPI;3480,00;3480,00;3240,00;3240,00;4160,00;4820,00;D;Strong Downtrend
2020/07/14;TDPM;94,00;94,00;91,00;92,00;95,00;91,00;U;Strong Downtrend
2020/07/14;TEBE;1405,00;1405,00;1405,00;1405,00;1830,00;1295,00;D;Strong Downtrend
2020/07/14;TECH;143,00;145,00;135,00;137,00;176,00;125,00;;N/A
2020/07/14;TELE;121,00;121,00;121,00;121,00;121,00;121,00;D;Strong Downtrend
2020/07/14;TFAS;158,00;172,00;158,00;172,00;173,00;157,00;U;Strong Uptrend
2020/07/14;TFCO;338,00;338,00;338,00;338,00;358,00;350,00;D;Downtrend
2020/07/14;TGKA;6500,00;6500,00;6500,00;6500,00;6500,00;6400,00;U;Strong Uptrend
2020/07/14;TGRA;67,00;71,00;67,00;68,00;76,00;64,00;D;Strong Downtrend
2020/07/14;TIFA;276,00;280,00;266,00;280,00;304,00;254,00;U;Strong Uptrend
2020/07/14;TINS;660,00;665,00;640,00;645,00;660,00;620,00;D;Strong Uptrend
2020/07/14;TIRA;270,00;270,00;270,00;270,00;270,00;270,00;D;Strong Downtrend
2020/07/14;TIRT;54,00;54,00;54,00;54,00;54,00;51,00;U;Uptrend
2017/11/15;TKGA;1800,00;1800,00;1800,00;1800,00;1800,00;1800,00;N;Strong Uptrend
2020/07/14;TKIM;7100,00;7100,00;6700,00;6700,00;7425,00;6125,00;U;Strong Uptrend
2020/07/14;TLKM;3100,00;3110,00;3070,00;3080,00;3190,00;3040,00;D;Strong Downtrend
2020/07/14;TMAS;106,00;107,00;104,00;107,00;121,00;117,00;D;Uptrend
2019/11/08;TMPI;50,00;50,00;50,00;50,00;50,00;50,00;U;Strong Uptrend
2020/07/14;TMPO;134,00;136,00;134,00;136,00;178,00;134,00;D;Downtrend
2020/07/14;TNCA;150,00;170,00;149,00;149,00;196,00;165,00;D;Strong Downtrend
2020/07/14;TOBA;348,00;348,00;348,00;348,00;352,00;348,00;D;Downtrend
2020/07/14;TOPS;50,00;50,00;50,00;50,00;50,00;50,00;U;Strong Uptrend
2020/07/14;TOTL;374,00;378,00;358,00;370,00;354,00;328,00;U;Strong Uptrend
2020/07/14;TOTO;224,00;228,00;220,00;222,00;234,00;216,00;D;Uptrend
2020/07/14;TOWR;1060,00;1070,00;1055,00;1065,00;1115,00;1050,00;D;Strong Uptrend
2020/07/14;TPIA;6775,00;6925,00;6725,00;6875,00;6850,00;6525,00;U;Neutral
2020/07/14;TPMA;328,00;330,00;328,00;330,00;330,00;282,00;U;Strong Uptrend
2020/07/14;TRAM;50,00;50,00;50,00;50,00;50,00;50,00;U;Strong Uptrend
2020/07/14;TRIL;50,00;50,00;50,00;50,00;50,00;50,00;N;Strong Uptrend
2020/07/14;TRIM;124,00;127,00;116,00;123,00;125,00;115,00;U;Uptrend
2020/07/14;TRIN;270,00;272,00;266,00;268,00;278,00;266,00;D;Uptrend
2020/07/14;TRIO;426,00;426,00;426,00;426,00;426,00;426,00;U;Strong Uptrend
2020/07/14;TRIS;216,00;222,00;206,00;222,00;232,00;192,00;U;Strong Downtrend
2020/07/14;TRST;382,00;382,00;382,00;382,00;382,00;382,00;D;Uptrend
2018/09/10;TRUB;50,00;50,00;50,00;50,00;50,00;50,00;U;Strong Uptrend
2020/07/14;TRUK;121,00;124,00;120,00;122,00;139,00;109,00;U;Strong Uptrend
2020/07/14;TRUS;334,00;334,00;334,00;334,00;346,00;314,00;D;Downtrend
2020/07/14;TSPC;1395,00;1400,00;1390,00;1400,00;1490,00;1365,00;D;Strong Uptrend
2020/07/14;TUGU;2630,00;2650,00;2630,00;2650,00;2900,00;2680,00;D;Strong Downtrend
2020/07/14;TURI;1390,00;1390,00;1390,00;1390,00;1500,00;1350,00;D;Uptrend
2020/07/14;UANG;650,00;685,00;645,00;685,00;;;;N/A
2020/07/14;UCID;1455,00;1550,00;1455,00;1505,00;1460,00;1420,00;U;Uptrend
2020/07/14;ULTJ;1620,00;1620,00;1605,00;1605,00;1635,00;1600,00;D;Uptrend
2020/07/14;UNIC;3360,00;3700,00;3360,00;3700,00;3500,00;3350,00;U;Strong Uptrend
2020/07/14;UNIT;163,00;163,00;155,00;155,00;155,00;145,00;U;Strong Uptrend
2020/07/14;UNSP;60,00;62,00;59,00;60,00;62,00;57,00;D;Strong Uptrend
2020/07/14;UNTR;18600,00;18925,00;18275,00;18325,00;19125,00;16475,00;U;Strong Uptrend
2020/07/14;UNVR;8025,00;8100,00;8000,00;8075,00;8175,00;7850,00;U;Strong Uptrend
2020/07/14;URBN;1550,00;1555,00;1500,00;1545,00;1605,00;1600,00;D;Strong Downtrend
2020/07/14;VICO;70,00;80,00;70,00;73,00;87,00;77,00;D;Strong Downtrend
2020/07/14;VINS;122,00;122,00;114,00;114,00;125,00;107,00;D;Uptrend
2020/07/14;VIVA;50,00;50,00;50,00;50,00;50,00;50,00;U;Strong Uptrend
2020/07/14;VOKS;206,00;206,00;199,00;204,00;210,00;190,00;U;Neutral
2020/07/14;VRNA;105,00;106,00;105,00;105,00;131,00;96,00;D;Strong Downtrend
2020/07/14;WAPO;65,00;65,00;65,00;65,00;65,00;65,00;U;Strong Downtrend
2020/07/14;WEGE;206,00;206,00;202,00;204,00;218,00;191,00;D;Strong Uptrend
2020/07/14;WEHA;81,00;82,00;80,00;81,00;88,00;80,00;D;Strong Downtrend
2020/07/14;WICO;580,00;580,00;580,00;580,00;580,00;580,00;D;Strong Downtrend
2020/07/14;WIIM;188,00;193,00;187,00;193,00;202,00;178,00;D;Strong Uptrend
2020/07/14;WIKA;1270,00;1280,00;1250,00;1255,00;1290,00;1170,00;D;Strong Uptrend
2020/07/14;WINS;92,00;92,00;90,00;91,00;93,00;90,00;D;Uptrend
2020/07/14;WOMF;202,00;206,00;200,00;204,00;208,00;199,00;U;Strong Uptrend
2020/07/14;WOOD;406,00;426,00;404,00;420,00;408,00;388,00;U;Strong Uptrend
2020/07/14;WOWS;51,00;67,00;51,00;67,00;52,00;50,00;U;Strong Uptrend
2020/07/14;WSBP;206,00;208,00;200,00;202,00;220,00;199,00;D;Strong Uptrend
2020/07/14;WSKT;715,00;720,00;710,00;715,00;750,00;705,00;D;Uptrend
2020/07/14;WTON;302,00;302,00;298,00;298,00;324,00;274,00;D;Strong Uptrend
2020/07/14;YELO;50,00;50,00;50,00;50,00;50,00;50,00;U;Strong Uptrend
2020/07/14;YPAS;478,00;478,00;474,00;474,00;500,00;374,00;U;Uptrend
2020/07/14;YULE;185,00;185,00;180,00;185,00;162,00;162,00;U;Uptrend
2020/07/14;ZBRA;51,00;51,00;51,00;51,00;51,00;50,00;U;Strong Uptrend
2020/07/14;ZINC;141,00;143,00;139,00;142,00;144,00;132,00;U;Strong Downtrend
2020/07/14;ZONE;414,00;416,00;414,00;416,00;422,00;414,00;D;Strong Uptrend
